reading  filmow_sent.pos
20000
40000
60000
80000
100000
120000
140000
160000
180000
200000
220000
240000
260000
280000
300000
320000
340000
360000
380000
400000
420000
440000
460000
480000
500000
520000
540000
560000
580000
600000
620000
640000
660000
680000
700000
702720
702720
repeated:  0
reading  filmow_sent.neg
720000
740000
760000
780000
800000
820000
840000
860000
862768
862768
repeated:  0
reading  filmow_util.neg
880000
900000
920000
940000
960000
980000
1000000
1020000
1040000
1060000
1080000
1100000
1120000
1140000
1160000
1180000
1200000
1220000
1240000
1260000
1280000
1300000
1320000
1340000
1360000
1380000
1400000
1420000
1440000
1460000
1480000
1500000
1520000
1540000
1560000
1580000
1600000
1620000
1640000
1660000
1680000
1700000
1720000
1740000
1760000
1780000
1800000
1820000
1840000
1860000
1880000
1900000
1920000
1940000
1960000
1980000
2000000
2020000
2040000
2060000
2080000
2100000
2120000
2140000
2160000
2180000
2200000
2220000
2240000
2260000
2280000
2300000
2315376
1646990
repeated:  668386
reading  filmow_util.pos
2320000
2340000
2360000
2380000
2400000
2420000
2440000
2460000
2480000
2500000
2520000
2540000
2560000
2580000
2600000
2620000
2640000
2660000
2680000
2696459
1834702
repeated:  861757
2696459
# words:  1828647
# tokens:  60177264.0
# sentences:  1834702
1834702
Avg. tok/sent:  32.79947588218686
